4532123456789014 1234 1500.50
5423987654321092 4321 250.00
4916123456781230 9999 12345.67
5214852369741252 0000 0.00
4111111111111111 8520 430.20
5354222233334446 7410 95403.99
4852369874125638 1122 55.55
5123456789123459 9632 1000000.00
4658741258963216 5824 12.99
5521365478963218 7531 8452.00
4321098765432105 9512 333.33
5432109876543216 3579 2137.00
4000123456789018 1590 50000.50
5999888877776669 8426 123.45
4777555544442226 7539 9999.99
5111222233334444 6541 45.00
4222333344445551 1478 20.20
5666777788889993 2580 765.43
4999000011112224 3690 11.11
5888888888888888 1230 4500.00